        TIME,    TIDE,      OB,   SURGE,    BIAS,     TWL,SURGE90p,  TWL90p,SURGE10p,   TWL10p
202609261200,   4.370,9999.000,   3.800,9999.000,   8.170,   3.200,   7.570,   4.200,   8.570
202609261206,   4.377,9999.000,9999.000,9999.000,9999.000,9999.000,9999.000,9999.000,9999.000
202609261212,   4.378,9999.000,9999.000,9999.000,9999.000,9999.000,9999.000,9999.000,9999.000
202609261218,   4.373,9999.000,9999.000,9999.000,9999.000,9999.000,9999.000,9999.000,9999.000
202609261224,   4.362,9999.000,9999.000,9999.000,9999.000,9999.000,9999.000,9999.000,9999.000
202609261230,   4.345,9999.000,9999.000,9999.000,9999.000,9999.000,9999.000,9999.000,9999.000
202609261236,   4.322,9999.000,9999.000,9999.000,9999.000,9999.000,9999.000,9999.000,9999.000
202609261242,   4.293,9999.000,9999.000,9999.000,9999.000,9999.000,9999.000,9999.000,9999.000
202609261248,   4.259,9999.000,9999.000,9999.000,9999.000,9999.000,9999.000,9999.000,9999.000
202609261254,   4.218,9999.000,9999.000,9999.000,9999.000,9999.000,9999.000,9999.000,9999.000
202609261300,   4.172,   8.108,   3.800,   0.136,   8.108,   3.200,   7.508,   4.200,   8.508
202609261306,   4.121,   8.117,9999.000,9999.000,9999.000,9999.000,9999.000,9999.000,9999.000
202609261312,   4.064,   8.127,9999.000,9999.000,9999.000,9999.000,9999.000,9999.000,9999.000
202609261318,   4.003,   8.137,9999.000,9999.000,9999.000,9999.000,9999.000,9999.000,9999.000
202609261324,   3.936,   8.127,9999.000,9999.000,9999.000,9999.000,9999.000,9999.000,9999.000
202609261330,   3.865,   8.098,9999.000,9999.000,9999.000,9999.000,9999.000,9999.000,9999.000
202609261336,   3.790,   8.068,9999.000,9999.000,9999.000,9999.000,9999.000,9999.000,9999.000
202609261342,   3.711,   8.049,9999.000,9999.000,9999.000,9999.000,9999.000,9999.000,9999.000
202609261348,   3.628,   8.006,9999.000,9999.000,9999.000,9999.000,9999.000,9999.000,9999.000
202609261354,   3.542,   7.947,9999.000,9999.000,9999.000,9999.000,9999.000,9999.000,9999.000
202609261400,   3.453,   7.898,   3.800,   0.645,   7.898,   3.200,   7.298,   4.200,   8.298
202609261406,   3.362,   7.839,9999.000,9999.000,9999.000,9999.000,9999.000,9999.000,9999.000
202609261412,   3.268,   7.776,9999.000,9999.000,9999.000,9999.000,9999.000,9999.000,9999.000
202609261418,   3.173,   7.717,9999.000,9999.000,9999.000,9999.000,9999.000,9999.000,9999.000
202609261424,   3.075,   7.668,9999.000,9999.000,9999.000,9999.000,9999.000,9999.000,9999.000
202609261430,   2.977,   7.596,9999.000,9999.000,9999.000,9999.000,9999.000,9999.000,9999.000
202609261436,   2.877,   7.527,9999.000,9999.000,9999.000,9999.000,9999.000,9999.000,9999.000
202609261442,   2.777,   7.448,9999.000,9999.000,9999.000,9999.000,9999.000,9999.000,9999.000
202609261448,   2.676,   7.376,9999.000,9999.000,9999.000,9999.000,9999.000,9999.000,9999.000
202609261454,   2.575,   7.307,9999.000,9999.000,9999.000,9999.000,9999.000,9999.000,9999.000
202609261500,   2.474,   7.248,   3.800,   0.974,   7.248,   3.200,   6.648,   4.200,   7.648
202609261506,   2.373,   7.156,9999.000,9999.000,9999.000,9999.000,9999.000,9999.000,9999.000
202609261512,   2.273,   7.058,9999.000,9999.000,9999.000,9999.000,9999.000,9999.000,9999.000
202609261518,   2.173,   6.966,9999.000,9999.000,9999.000,9999.000,9999.000,9999.000,9999.000
202609261524,   2.074,   6.878,9999.000,9999.000,9999.000,9999.000,9999.000,9999.000,9999.000
202609261530,   1.976,   6.799,9999.000,9999.000,9999.000,9999.000,9999.000,9999.000,9999.000
202609261536,   1.879,   6.697,9999.000,9999.000,9999.000,9999.000,9999.000,9999.000,9999.000
202609261542,   1.783,   6.599,9999.000,9999.000,9999.000,9999.000,9999.000,9999.000,9999.000
202609261548,   1.688,   6.517,9999.000,9999.000,9999.000,9999.000,9999.000,9999.000,9999.000
202609261554,   1.595,   6.438,9999.000,9999.000,9999.000,9999.000,9999.000,9999.000,9999.000
202609261600,   1.503,   6.359,   3.700,   1.156,   6.359,   3.000,   5.659,   4.100,   6.759
202609261606,   1.414,   6.258,9999.000,9999.000,9999.000,9999.000,9999.000,9999.000,9999.000
202609261612,   1.326,   6.159,9999.000,9999.000,9999.000,9999.000,9999.000,9999.000,9999.000
202609261618,   1.240,   6.058,9999.000,9999.000,9999.000,9999.000,9999.000,9999.000,9999.000
202609261624,   1.157,   5.979,9999.000,9999.000,9999.000,9999.000,9999.000,9999.000,9999.000
202609261630,   1.076,   5.887,9999.000,9999.000,9999.000,9999.000,9999.000,9999.000,9999.000
202609261636,   0.997,   5.789,9999.000,9999.000,9999.000,9999.000,9999.000,9999.000,9999.000
202609261642,   0.921,   5.677,9999.000,9999.000,9999.000,9999.000,9999.000,9999.000,9999.000
202609261648,   0.848,   5.598,9999.000,9999.000,9999.000,9999.000,9999.000,9999.000,9999.000
202609261654,   0.779,   5.507,9999.000,9999.000,9999.000,9999.000,9999.000,9999.000,9999.000
202609261700,   0.712,   5.398,   3.600,   1.086,   5.398,   3.000,   4.798,   4.100,   5.898
202609261706,   0.649,   5.320,9999.000,9999.000,9999.000,9999.000,9999.000,9999.000,9999.000
202609261712,   0.590,   5.218,9999.000,9999.000,9999.000,9999.000,9999.000,9999.000,9999.000
202609261718,   0.534,   5.149,9999.000,9999.000,9999.000,9999.000,9999.000,9999.000,9999.000
202609261724,   0.483,   5.047,9999.000,9999.000,9999.000,9999.000,9999.000,9999.000,9999.000
202609261730,   0.436,   4.969,9999.000,9999.000,9999.000,9999.000,9999.000,9999.000,9999.000
202609261736,   0.393,   4.877,9999.000,9999.000,9999.000,9999.000,9999.000,9999.000,9999.000
202609261742,   0.355,   4.788,9999.000,9999.000,9999.000,9999.000,9999.000,9999.000,9999.000
202609261748,   0.321,   4.710,9999.000,9999.000,9999.000,9999.000,9999.000,9999.000,9999.000
202609261754,   0.293,   4.637,9999.000,9999.000,9999.000,9999.000,9999.000,9999.000,9999.000
202609261800,   0.269,   4.549,   3.400,   0.880,   4.549,   2.900,   4.049,   3.700,   4.849
202609261806,   0.250,   4.447,9999.000,9999.000,9999.000,9999.000,9999.000,9999.000,9999.000
202609261812,   0.237,   4.359,9999.000,9999.000,9999.000,9999.000,9999.000,9999.000,9999.000
202609261818,   0.229,   4.290,9999.000,9999.000,9999.000,9999.000,9999.000,9999.000,9999.000
202609261824,   0.227,   4.218,9999.000,9999.000,9999.000,9999.000,9999.000,9999.000,9999.000
202609261830,   0.230,   4.129,9999.000,9999.000,9999.000,9999.000,9999.000,9999.000,9999.000
202609261836,   0.239,   4.047,9999.000,9999.000,9999.000,9999.000,9999.000,9999.000,9999.000
202609261842,   0.253,   3.978,9999.000,9999.000,9999.000,9999.000,9999.000,9999.000,9999.000
202609261848,   0.273,   3.899,9999.000,9999.000,9999.000,9999.000,9999.000,9999.000,9999.000
202609261854,   0.298,   3.837,9999.000,9999.000,9999.000,9999.000,9999.000,9999.000,9999.000
202609261900,   0.329,   3.798,   3.300,   0.169,   3.798,   2.900,   3.398,   3.600,   4.098
202609261906,   0.365,   3.749,9999.000,9999.000,9999.000,9999.000,9999.000,9999.000,9999.000
202609261912,   0.407,   3.719,9999.000,9999.000,9999.000,9999.000,9999.000,9999.000,9999.000
202609261918,   0.454,   3.660,9999.000,9999.000,9999.000,9999.000,9999.000,9999.000,9999.000
202609261924,   0.507,   3.660,9999.000,9999.000,9999.000,9999.000,9999.000,9999.000,9999.000
202609261930,   0.564,   3.627,9999.000,9999.000,9999.000,9999.000,9999.000,9999.000,9999.000
202609261936,   0.627,   3.617,9999.000,9999.000,9999.000,9999.000,9999.000,9999.000,9999.000
202609261942,   0.694,   3.548,9999.000,9999.000,9999.000,9999.000,9999.000,9999.000,9999.000
202609261948,   0.766,   3.539,9999.000,9999.000,9999.000,9999.000,9999.000,9999.000,9999.000
202609261954,   0.842,   3.558,9999.000,9999.000,9999.000,9999.000,9999.000,9999.000,9999.000
202609262000,   0.923,   3.598,   3.200,  -0.525,   3.598,   2.800,   3.198,   3.500,   3.898
202609262006,   1.007,   3.617,9999.000,9999.000,9999.000,9999.000,9999.000,9999.000,9999.000
202609262012,   1.095,   3.670,9999.000,9999.000,9999.000,9999.000,9999.000,9999.000,9999.000
202609262018,   1.187,   3.719,9999.000,9999.000,9999.000,9999.000,9999.000,9999.000,9999.000
202609262024,   1.281,   3.788,9999.000,9999.000,9999.000,9999.000,9999.000,9999.000,9999.000
202609262030,   1.378,   3.847,9999.000,9999.000,9999.000,9999.000,9999.000,9999.000,9999.000
202609262036,   1.478,   3.949,9999.000,9999.000,9999.000,9999.000,9999.000,9999.000,9999.000
202609262042,   1.580,   4.008,9999.000,9999.000,9999.000,9999.000,9999.000,9999.000,9999.000
202609262048,   1.683,   4.099,9999.000,9999.000,9999.000,9999.000,9999.000,9999.000,9999.000
202609262054,   1.788,   4.178,9999.000,9999.000,9999.000,9999.000,9999.000,9999.000,9999.000
202609262100,   1.894,   4.280,   3.100,  -0.714,   4.280,   2.700,   3.880,   3.400,   4.580
202609262106,   2.001,   4.368,9999.000,9999.000,9999.000,9999.000,9999.000,9999.000,9999.000
202609262112,   2.108,   4.480,9999.000,9999.000,9999.000,9999.000,9999.000,9999.000,9999.000
202609262118,   2.215,   4.539,9999.000,9999.000,9999.000,9999.000,9999.000,9999.000,9999.000
202609262124,   2.322,   4.628,9999.000,9999.000,9999.000,9999.000,9999.000,9999.000,9999.000
202609262130,   2.428,   4.729,9999.000,9999.000,9999.000,9999.000,9999.000,9999.000,9999.000
202609262136,   2.534,   4.808,9999.000,9999.000,9999.000,9999.000,9999.000,9999.000,9999.000
202609262142,   2.639,   4.887,9999.000,9999.000,9999.000,9999.000,9999.000,9999.000,9999.000
202609262148,   2.742,   4.969,9999.000,9999.000,9999.000,9999.000,9999.000,9999.000,9999.000
202609262154,   2.843,   5.067,9999.000,9999.000,9999.000,9999.000,9999.000,9999.000,9999.000
202609262200,   2.943,   5.139,   3.000,  -0.804,   5.139,   2.600,   4.739,   3.300,   5.439
202609262206,   3.040,   5.238,9999.000,9999.000,9999.000,9999.000,9999.000,9999.000,9999.000
202609262212,   3.136,   5.329,9999.000,9999.000,9999.000,9999.000,9999.000,9999.000,9999.000
202609262218,   3.229,   5.408,9999.000,9999.000,9999.000,9999.000,9999.000,9999.000,9999.000
202609262224,   3.319,   5.497,9999.000,9999.000,9999.000,9999.000,9999.000,9999.000,9999.000
202609262230,   3.406,   5.579,9999.000,9999.000,9999.000,9999.000,9999.000,9999.000,9999.000
202609262236,   3.491,   5.667,9999.000,9999.000,9999.000,9999.000,9999.000,9999.000,9999.000
202609262242,   3.572,   5.749,9999.000,9999.000,9999.000,9999.000,9999.000,9999.000,9999.000
202609262248,   3.650,   5.828,9999.000,9999.000,9999.000,9999.000,9999.000,9999.000,9999.000
202609262254,   3.725,   5.907,9999.000,9999.000,9999.000,9999.000,9999.000,9999.000,9999.000
202609262300,   3.796,   5.999,   3.000,  -0.797,   5.999,   2.600,   5.599,   3.300,   6.299
202609262306,   3.864,   6.087,9999.000,9999.000,9999.000,9999.000,9999.000,9999.000,9999.000
202609262312,   3.927,   6.159,9999.000,9999.000,9999.000,9999.000,9999.000,9999.000,9999.000
202609262318,   3.987,   6.238,9999.000,9999.000,9999.000,9999.000,9999.000,9999.000,9999.000
202609262324,   4.043,   6.317,9999.000,9999.000,9999.000,9999.000,9999.000,9999.000,9999.000
202609262330,   4.094,   6.418,9999.000,9999.000,9999.000,9999.000,9999.000,9999.000,9999.000
202609262336,   4.141,   6.487,9999.000,9999.000,9999.000,9999.000,9999.000,9999.000,9999.000
202609262342,   4.184,   6.556,9999.000,9999.000,9999.000,9999.000,9999.000,9999.000,9999.000
202609262348,   4.221,   6.648,9999.000,9999.000,9999.000,9999.000,9999.000,9999.000,9999.000
202609262354,   4.254,   6.707,9999.000,9999.000,9999.000,9999.000,9999.000,9999.000,9999.000
202609270000,   4.282,   6.799,   2.900,  -0.383,   6.799,   2.600,   6.499,   3.200,   7.099
202609270006,   4.304,   6.848,9999.000,9999.000,9999.000,9999.000,9999.000,9999.000,9999.000
202609270012,   4.321,   6.917,9999.000,9999.000,9999.000,9999.000,9999.000,9999.000,9999.000
202609270018,   4.333,   6.979,9999.000,9999.000,9999.000,9999.000,9999.000,9999.000,9999.000
202609270024,   4.339,   7.029,9999.000,9999.000,9999.000,9999.000,9999.000,9999.000,9999.000
202609270030,   4.339,   7.088,9999.000,9999.000,9999.000,9999.000,9999.000,9999.000,9999.000
202609270036,   4.333,   7.127,9999.000,9999.000,9999.000,9999.000,9999.000,9999.000,9999.000
202609270042,   4.322,   7.176,9999.000,9999.000,9999.000,9999.000,9999.000,9999.000,9999.000
202609270048,   4.304,   7.238,9999.000,9999.000,9999.000,9999.000,9999.000,9999.000,9999.000
202609270054,   4.281,   7.258,9999.000,9999.000,9999.000,9999.000,9999.000,9999.000,9999.000
202609270100,   4.251,   7.297,   2.800,   0.246,   7.297,   2.500,   6.997,   3.100,   7.597
202609270106,   4.216,   7.317,9999.000,9999.000,9999.000,9999.000,9999.000,9999.000,9999.000
202609270112,   4.175,   7.327,9999.000,9999.000,9999.000,9999.000,9999.000,9999.000,9999.000
202609270118,   4.128,   7.357,9999.000,9999.000,9999.000,9999.000,9999.000,9999.000,9999.000
202609270124,   4.075,   7.357,9999.000,9999.000,9999.000,9999.000,9999.000,9999.000,9999.000
202609270130,   4.018,   7.357,9999.000,9999.000,9999.000,9999.000,9999.000,9999.000,9999.000
202609270136,   3.955,   7.337,9999.000,9999.000,9999.000,9999.000,9999.000,9999.000,9999.000
202609270142,   3.887,   7.307,9999.000,9999.000,9999.000,9999.000,9999.000,9999.000,9999.000
202609270148,   3.814,   7.288,9999.000,9999.000,9999.000,9999.000,9999.000,9999.000,9999.000
202609270154,   3.737,   7.258,9999.000,9999.000,9999.000,9999.000,9999.000,9999.000,9999.000
202609270200,   3.656,   7.199,   2.700,   0.843,   7.199,   2.400,   6.899,   3.000,   7.499
202609270206,   3.571,   7.137,9999.000,9999.000,9999.000,9999.000,9999.000,9999.000,9999.000
202609270212,   3.483,   7.058,9999.000,9999.000,9999.000,9999.000,9999.000,9999.000,9999.000
202609270218,   3.392,   6.989,9999.000,9999.000,9999.000,9999.000,9999.000,9999.000,9999.000
202609270224,   3.298,   6.927,9999.000,9999.000,9999.000,9999.000,9999.000,9999.000,9999.000
202609270230,   3.202,   6.828,9999.000,9999.000,9999.000,9999.000,9999.000,9999.000,9999.000
202609270236,   3.103,   6.766,9999.000,9999.000,9999.000,9999.000,9999.000,9999.000,9999.000
202609270242,   3.003,   6.687,9999.000,9999.000,9999.000,9999.000,9999.000,9999.000,9999.000
202609270248,   2.902,   6.609,9999.000,9999.000,9999.000,9999.000,9999.000,9999.000,9999.000
202609270254,   2.799,   6.537,9999.000,9999.000,9999.000,9999.000,9999.000,9999.000,9999.000
202609270300,   2.696,   6.458,   2.700,   1.062,   6.458,   2.300,   6.058,   3.000,   6.758
202609270306,   2.592,   6.389,9999.000,9999.000,9999.000,9999.000,9999.000,9999.000,9999.000
202609270312,   2.488,   6.307,9999.000,9999.000,9999.000,9999.000,9999.000,9999.000,9999.000
202609270318,   2.384,   6.228,9999.000,9999.000,9999.000,9999.000,9999.000,9999.000,9999.000
202609270324,   2.281,   6.159,9999.000,9999.000,9999.000,9999.000,9999.000,9999.000,9999.000
202609270330,   2.178,   6.077,9999.000,9999.000,9999.000,9999.000,9999.000,9999.000,9999.000
202609270336,   2.075,   5.989,9999.000,9999.000,9999.000,9999.000,9999.000,9999.000,9999.000
202609270342,   1.974,   5.897,9999.000,9999.000,9999.000,9999.000,9999.000,9999.000,9999.000
202609270348,   1.873,   5.818,9999.000,9999.000,9999.000,9999.000,9999.000,9999.000,9999.000
202609270354,   1.774,   5.739,9999.000,9999.000,9999.000,9999.000,9999.000,9999.000,9999.000
202609270400,   1.676,   5.667,   2.600,   1.391,   5.667,   2.200,   5.267,   3.000,   6.067
202609270406,   1.580,   5.579,9999.000,9999.000,9999.000,9999.000,9999.000,9999.000,9999.000
202609270412,   1.485,   5.507,9999.000,9999.000,9999.000,9999.000,9999.000,9999.000,9999.000
202609270418,   1.392,   5.418,9999.000,9999.000,9999.000,9999.000,9999.000,9999.000,9999.000
202609270424,   1.301,   5.349,9999.000,9999.000,9999.000,9999.000,9999.000,9999.000,9999.000
202609270430,   1.213,   5.257,9999.000,9999.000,9999.000,9999.000,9999.000,9999.000,9999.000
202609270436,   1.126,   5.149,9999.000,9999.000,9999.000,9999.000,9999.000,9999.000,9999.000
202609270442,   1.042,   5.067,9999.000,9999.000,9999.000,9999.000,9999.000,9999.000,9999.000
202609270448,   0.961,   4.988,9999.000,9999.000,9999.000,9999.000,9999.000,9999.000,9999.000
202609270454,   0.883,   4.910,9999.000,9999.000,9999.000,9999.000,9999.000,9999.000,9999.000
202609270500,   0.807,   4.818,   2.600,   1.411,   4.818,   2.100,   4.318,   2.900,   5.118
202609270506,   0.735,   4.749,9999.000,9999.000,9999.000,9999.000,9999.000,9999.000,9999.000
202609270512,   0.666,   4.667,9999.000,9999.000,9999.000,9999.000,9999.000,9999.000,9999.000
202609270518,   0.600,   4.578,9999.000,9999.000,9999.000,9999.000,9999.000,9999.000,9999.000
202609270524,   0.538,   4.500,9999.000,9999.000,9999.000,9999.000,9999.000,9999.000,9999.000
202609270530,   0.480,   4.418,9999.000,9999.000,9999.000,9999.000,9999.000,9999.000,9999.000
202609270536,   0.426,   4.329,9999.000,9999.000,9999.000,9999.000,9999.000,9999.000,9999.000
202609270542,   0.377,   4.247,9999.000,9999.000,9999.000,9999.000,9999.000,9999.000,9999.000
202609270548,   0.332,   4.168,9999.000,9999.000,9999.000,9999.000,9999.000,9999.000,9999.000
202609270554,   0.291,   4.070,9999.000,9999.000,9999.000,9999.000,9999.000,9999.000,9999.000
202609270600,   0.255,   3.998,   2.400,   1.343,   3.998,   2.100,   3.698,   2.700,   4.298
202609270606,   0.225,   3.919,9999.000,9999.000,9999.000,9999.000,9999.000,9999.000,9999.000
202609270612,   0.199,   3.847,9999.000,9999.000,9999.000,9999.000,9999.000,9999.000,9999.000
202609270618,   0.178,   3.778,9999.000,9999.000,9999.000,9999.000,9999.000,9999.000,9999.000
202609270624,   0.163,   3.699,9999.000,9999.000,9999.000,9999.000,9999.000,9999.000,9999.000
202609270630,   0.154,   3.637,9999.000,9999.000,9999.000,9999.000,9999.000,9999.000,9999.000
202609270636,   0.149,   3.558,9999.000,9999.000,9999.000,9999.000,9999.000,9999.000,9999.000
202609270642,   0.151,   3.480,9999.000,9999.000,9999.000,9999.000,9999.000,9999.000,9999.000
202609270648,   0.158,   3.417,9999.000,9999.000,9999.000,9999.000,9999.000,9999.000,9999.000
202609270654,   0.171,   3.348,9999.000,9999.000,9999.000,9999.000,9999.000,9999.000,9999.000
202609270700,   0.190,   3.299,   2.300,   0.809,   3.299,   2.000,   2.999,   2.600,   3.599
202609270706,   0.214,   3.240,9999.000,9999.000,9999.000,9999.000,9999.000,9999.000,9999.000
202609270712,   0.245,   3.197,9999.000,9999.000,9999.000,9999.000,9999.000,9999.000,9999.000
202609270718,   0.280,   3.158,9999.000,9999.000,9999.000,9999.000,9999.000,9999.000,9999.000
202609270724,   0.322,   3.129,9999.000,9999.000,9999.000,9999.000,9999.000,9999.000,9999.000
202609270730,   0.369,   3.109,9999.000,9999.000,9999.000,9999.000,9999.000,9999.000,9999.000
202609270736,   0.422,   3.099,9999.000,9999.000,9999.000,9999.000,9999.000,9999.000,9999.000
202609270742,   0.480,   3.109,9999.000,9999.000,9999.000,9999.000,9999.000,9999.000,9999.000
202609270748,   0.543,   3.119,9999.000,9999.000,9999.000,9999.000,9999.000,9999.000,9999.000
202609270754,   0.611,   3.129,9999.000,9999.000,9999.000,9999.000,9999.000,9999.000,9999.000
202609270800,   0.685,   3.168,   2.200,   0.283,   3.168,   1.800,   2.768,   2.400,   3.368
202609270806,   0.763,   3.217,9999.000,9999.000,9999.000,9999.000,9999.000,9999.000,9999.000
202609270812,   0.845,   3.270,9999.000,9999.000,9999.000,9999.000,9999.000,9999.000,9999.000
202609270818,   0.932,   3.348,9999.000,9999.000,9999.000,9999.000,9999.000,9999.000,9999.000
202609270824,   1.023,   3.450,9999.000,9999.000,9999.000,9999.000,9999.000,9999.000,9999.000
202609270830,   1.118,   3.548,9999.000,9999.000,9999.000,9999.000,9999.000,9999.000,9999.000
202609270836,   1.216,   3.650,9999.000,9999.000,9999.000,9999.000,9999.000,9999.000,9999.000
202609270842,   1.318,   3.739,9999.000,9999.000,9999.000,9999.000,9999.000,9999.000,9999.000
202609270848,   1.422,   3.837,9999.000,9999.000,9999.000,9999.000,9999.000,9999.000,9999.000
202609270854,   1.529,   3.939,9999.000,9999.000,9999.000,9999.000,9999.000,9999.000,9999.000
202609270900,   1.638,   4.037,   2.100,   0.299,   4.037,   1.800,   3.737,   2.300,   4.237
202609270906,   1.749,   4.139,9999.000,9999.000,9999.000,9999.000,9999.000,9999.000,9999.000
202609270912,   1.862,   4.247,9999.000,9999.000,9999.000,9999.000,9999.000,9999.000,9999.000
202609270918,   1.976,   4.339,9999.000,9999.000,9999.000,9999.000,9999.000,9999.000,9999.000
202609270924,   2.090,   4.457,9999.000,9999.000,9999.000,9999.000,9999.000,9999.000,9999.000
202609270930,   2.206,   4.549,9999.000,9999.000,9999.000,9999.000,9999.000,9999.000,9999.000
202609270936,   2.321,   4.657,9999.000,9999.000,9999.000,9999.000,9999.000,9999.000,9999.000
202609270942,   2.436,   4.749,9999.000,9999.000,9999.000,9999.000,9999.000,9999.000,9999.000
202609270948,   2.551,   4.818,9999.000,9999.000,9999.000,9999.000,9999.000,9999.000,9999.000
202609270954,   2.665,   4.900,9999.000,9999.000,9999.000,9999.000,9999.000,9999.000,9999.000
202609271000,   2.778,   4.988,   1.900,   0.310,   4.988,   1.600,   4.688,   2.100,   5.188
202609271006,   2.889,   5.067,9999.000,9999.000,9999.000,9999.000,9999.000,9999.000,9999.000
202609271012,   2.999,   5.159,9999.000,9999.000,9999.000,9999.000,9999.000,9999.000,9999.000
202609271018,   3.107,   5.247,9999.000,9999.000,9999.000,9999.000,9999.000,9999.000,9999.000
202609271024,   3.213,   5.329,9999.000,9999.000,9999.000,9999.000,9999.000,9999.000,9999.000
202609271030,   3.316,   5.398,9999.000,9999.000,9999.000,9999.000,9999.000,9999.000,9999.000
202609271036,   3.416,   5.487,9999.000,9999.000,9999.000,9999.000,9999.000,9999.000,9999.000
202609271042,   3.514,   5.559,9999.000,9999.000,9999.000,9999.000,9999.000,9999.000,9999.000
202609271048,   3.609,   5.618,9999.000,9999.000,9999.000,9999.000,9999.000,9999.000,9999.000
202609271054,   3.701,   5.677,9999.000,9999.000,9999.000,9999.000,9999.000,9999.000,9999.000
202609271100,   3.789,   5.759,   1.800,   0.170,   5.759,   1.500,   5.459,   2.100,   6.059
202609271106,   3.874,   5.848,9999.000,9999.000,9999.000,9999.000,9999.000,9999.000,9999.000
202609271112,   3.955,   5.926,9999.000,9999.000,9999.000,9999.000,9999.000,9999.000,9999.000
202609271118,   4.032,   5.999,9999.000,9999.000,9999.000,9999.000,9999.000,9999.000,9999.000
202609271124,   4.105,   6.077,9999.000,9999.000,9999.000,9999.000,9999.000,9999.000,9999.000
202609271130,   4.175,   6.149,9999.000,9999.000,9999.000,9999.000,9999.000,9999.000,9999.000
202609271136,   4.240,   6.228,9999.000,9999.000,9999.000,9999.000,9999.000,9999.000,9999.000
202609271142,   4.301,   6.287,9999.000,9999.000,9999.000,9999.000,9999.000,9999.000,9999.000
202609271148,   4.357,   6.359,9999.000,9999.000,9999.000,9999.000,9999.000,9999.000,9999.000
202609271154,   4.408,   6.418,9999.000,9999.000,9999.000,9999.000,9999.000,9999.000,9999.000
202609271200,   4.455,   6.497,   1.700,   0.342,   6.497,   1.400,   6.197,   1.900,   6.697
202609271206,   4.497,   6.569,9999.000,9999.000,9999.000,9999.000,9999.000,9999.000,9999.000
202609271212,   4.534,   6.638,9999.000,9999.000,9999.000,9999.000,9999.000,9999.000,9999.000
202609271218,   4.565,   6.697,9999.000,9999.000,9999.000,9999.000,9999.000,9999.000,9999.000
202609271224,   4.591,   6.746,9999.000,9999.000,9999.000,9999.000,9999.000,9999.000,9999.000
202609271230,   4.612,   6.809,9999.000,9999.000,9999.000,9999.000,9999.000,9999.000,9999.000
202609271236,   4.627,   6.887,9999.000,9999.000,9999.000,9999.000,9999.000,9999.000,9999.000
202609271242,   4.636,   6.927,9999.000,9999.000,9999.000,9999.000,9999.000,9999.000,9999.000
202609271248,   4.639,   6.999,9999.000,9999.000,9999.000,9999.000,9999.000,9999.000,9999.000
